num_comments,hour,score,history,is_center,is_left,is_other,is_right,is_social,is_evening,is_morning,is_night,is_noon
1.0,-0.001176442212040621,0.7279930041490719,-0.0163462051744638,0.019609446490265903,0.04158796837785672,-0.017706287872370368,0.005417134319257505,-0.017034022492620197,-0.013927304471908944,0.01254380039363379,-0.007270079163934247,0.011384900818370326
-0.001176442212040621,1.0,-0.0018090155777564392,-0.011064921080519765,0.009672848768476608,0.03944090736582081,-0.02672977864496261,0.013572397104577564,-0.0019436344294244147,0.7833612478955475,-0.09266972749936041,-0.8116675244638939,0.2741456782129465
0.7279930041490719,-0.0018090155777564392,1.0,-0.01429792792827283,0.01528735828236683,0.030765324284424037,-0.010266560272784558,-0.000726156039903723,-0.014926524091511047,-0.01322377642645266,0.011486703549290813,-0.006578679540104156,0.010865960661290443
-0.0163462051744638,-0.011064921080519765,-0.01429792792827283,1.0,-0.033992125274094835,-0.04809523149168232,-0.6671531065817367,-0.03741477245111043,0.8793641744146481,-0.04229530947712169,0.07545106039772839,-0.032682717994111134,0.0057761657334762
0.019609446490265903,0.009672848768476608,0.01528735828236683,-0.033992125274094835,1.0,-0.04718681414074299,-0.34234284981400753,-0.023700275353633615,-0.08265292305551701,-0.04687603803608558,0.06576364313117529,-0.055273456721727385,0.05213366031375908
0.04158796837785672,0.03944090736582081,0.030765324284424037,-0.04809523149168232,-0.04718681414074299,1.0,-0.4080633146852578,-0.028250080073262147,-0.0985200239134304,-0.0411539399274339,0.07037695129638602,-0.09043703278177195,0.08680967986989696
-0.017706287872370368,-0.02672977864496261,-0.010266560272784558,-0.6671531065817367,-0.34234284981400753,-0.4080633146852578,1.0,-0.20495583556294014,-0.7147680207811427,0.08189961430279041,-0.13620058540581242,0.11594785495606003,-0.09232922495820865
0.005417134319257505,0.013572397104577564,-0.000726156039903723,-0.03741477245111043,-0.023700275353633615,-0.028250080073262147,-0.20495583556294014,1.0,-0.04948313924390314,-0.02717838632675642,0.03905501473076322,-0.041391768602052605,0.041548299040994184
-0.017034022492620197,-0.0019436344294244147,-0.014926524091511047,0.8793641744146481,-0.08265292305551701,-0.0985200239134304,-0.7147680207811427,-0.04948313924390314,1.0,-0.040015506514965805,0.07394184307696103,-0.04128511560541847,0.01626533223929423
-0.013927304471908944,0.7833612478955475,-0.01322377642645266,-0.04229530947712169,-0.04687603803608558,-0.0411539399274339,0.08189961430279041,-0.02717838632675642,-0.040015506514965805,1.0,-0.3012814165223606,-0.4317257024406064,-0.24110498005763722
0.01254380039363379,-0.09266972749936041,0.011486703549290813,0.07545106039772839,0.06576364313117529,0.07037695129638602,-0.13620058540581242,0.03905501473076322,0.07394184307696103,-0.3012814165223606,1.0,-0.42360844464764047,-0.23657175151101686
-0.007270079163934247,-0.8116675244638939,-0.006578679540104156,-0.032682717994111134,-0.055273456721727385,-0.09043703278177195,0.11594785495606003,-0.041391768602052605,-0.04128511560541847,-0.4317257024406064,-0.42360844464764047,1.0,-0.3389990221687708
0.011384900818370326,0.2741456782129465,0.010865960661290443,0.0057761657334762,0.05213366031375908,0.08680967986989696,-0.09232922495820865,0.041548299040994184,0.01626533223929423,-0.24110498005763722,-0.23657175151101686,-0.3389990221687708,1.0
